181 1
182 1
184 4
187 2
183 4
188 1
189 4
185 9
186 12
190 12
192 12
194 9
191 8
193 11
195 7
199 12
198 9
204 12
207 9
209 12
196 2
203 11
208 8
197 1
200 7
218 9
217 2
213 9
215 12
223 12
225 12
219 11
221 8
201 1
232 2
202 4
205 1
206 4
210 4
211 4
227 12
231 12
238 9
239 12
240 9
235 8
237 11
212 1
246 12
247 12
248 12
253 9
254 9
244 2
245 11
250 8
214 4
216 1
220 4
222 1
224 7
226 4
228 1
229 7
256 2
230 4
257 9
258 12
260 12
266 9
270 12
259 8
268 11
233 4
234 1
236 1
241 1
242 1
243 1
249 4
251 4
252 4
255 7
261 4
262 1
263 7
264 1
265 4
267 1
269 4
