226 4
229 4
234 1
235 1
232 4
237 2
240 1
227 8
233 12
228 9
230 7
231 9
238 12
239 12
236 11
241 2
245 4
248 4
249 4
252 1
251 1
254 1
242 7
244 8
243 9
246 9
247 12
253 12
255 12
250 11
258 1
268 1
270 1
265 2
264 7
259 8
262 9
267 9
256 12
260 12
266 12
261 4
263 4
269 4
257 11
279 1
282 1
284 1
280 2
277 7
281 8
275 9
283 9
272 12
274 12
285 12
271 4
276 4
278 4
273 11
291 1
298 1
296 1
308 1
311 1
313 1
287 2
315 2
300 7
307 7
288 8
312 8
290 9
292 9
306 9
314 9
286 12
289 12
293 12
303 12
304 12
309 12
295 4
297 4
299 4
301 4
302 4
310 4
294 11
305 11
